latency energy cost
2462 24686 464
2456 24686 464
2448 24686 464
2442 24686 464
2448 24624 547
2442 24624 547
2463 24287 464
2456 24287 464
2450 24287 464
2448 24287 464
2442 24287 464
2456 24284 464
2450 24284 464
2448 24284 464
2442 24284 464
2448 24119 464
2442 24119 464
2448 24116 464
2442 24116 464
2437 24279 547
2437 24223 547
2437 24167 547
2437 23999 547
2464 23924 526
2458 23924 526
2458 23890 504
2433 24211 526
2425 24211 526
2439 24177 504
2431 24177 504
2425 24177 504
2447 23778 504
2439 23778 504
2431 23778 504
2425 23778 504
2425 23809 526
2434 23775 504
2425 23775 504
2463 24630 421
2463 24231 421
2460 24608 443
2454 24608 443
2448 24608 443
2436 24635 479
2430 24635 479
2444 24608 443
2436 24608 443
2430 24608 443
2454 24574 421
2448 24574 421
2436 24574 421
2430 24574 421
2436 24175 421
2430 24175 421
2457 24153 443
2451 24153 443
2463 24119 421
2457 24119 421
2451 24119 421
2463 24440 443
2463 24406 421
2463 24041 443
2463 24007 421
2440 24411 479
2436 24411 479
2430 24411 479
2440 24384 443
2430 24384 443
2430 23985 443
2430 23951 421
2463 24004 421
2450 23948 421
2444 23948 421
2442 23948 421
2436 23948 421
2430 23948 421
2444 23895 421
2438 23895 421
2436 23895 421
2430 23895 421
2444 23892 421
2438 23892 421
2436 23892 421
2430 23892 421
2424 24297 547
2424 24119 547
2424 24063 547
2424 23895 547
2422 24235 547
2422 24179 547
2420 24235 547
2414 24235 547
2420 24179 547
2414 24179 547
2422 24011 547
2414 24011 547
2422 23833 547
2422 23777 547
2414 23833 547
2420 23777 547
2414 23777 547
2447 23609 547
2437 23609 547
2431 23609 547
2428 23609 547
2422 23609 547
2420 23609 547
2414 23609 547
2428 23497 547
2420 23497 547
2414 23497 547
2427 24742 464
2425 24742 464
2419 24742 464
2427 24713 500
2419 24713 500
2419 24686 464
2427 24343 464
2419 24343 464
2425 24287 464
2419 24287 464
2419 24340 464
2425 24284 464
2419 24284 464
2425 24231 464
2419 24231 464
2425 24228 464
2419 24228 464
2427 24119 464
2419 24119 464
2427 24063 464
2419 24063 464
2427 24060 464
2419 24060 464
2413 24945 526
2407 24945 526
2417 24889 526
2413 24889 526
2407 24889 526
2417 24546 526
2415 24546 526
2413 24546 526
2407 24546 526
2417 24490 526
2413 24490 526
2407 24490 526
2407 24855 504
2413 24456 504
2407 24456 504
2417 24487 526
2415 24487 526
2407 24487 526
2417 24509 504
2407 24509 504
2415 24453 504
2407 24453 504
2417 24266 526
2407 24266 526
2407 24232 504
2417 24263 526
2407 24263 526
2407 24229 504
2421 23926 443
2415 23926 443
2413 23926 443
2407 23926 443
2428 24462 421
2428 24060 421
2421 24518 421
2413 24518 421
2407 24518 421
2427 24116 421
2421 24116 421
2415 24116 421
2407 24116 421
2407 23892 421
2453 23870 443
2407 23870 443
2453 23836 421
2407 23836 421
2465 23755 526
2407 23811 526
2440 23755 526
2434 23755 526
2428 23755 526
2450 23587 526
2444 23587 526
2423 23587 526
2417 23587 526
2413 23587 526
2407 23587 526
2421 23777 504
2413 23777 504
2407 23777 504
2450 23721 504
2444 23721 504
2438 23721 504
2434 23721 504
2428 23721 504
2415 23553 504
2407 23553 504
2415 23475 526
2407 23475 526
2429 23441 504
2423 23441 504
2421 23441 504
2415 23441 504
2413 23441 504
2407 23441 504
2402 24401 504
2402 24033 526
2402 23999 504
2402 23809 526
2402 23775 504
2402 23643 526
2425 23419 526
2424 23419 526
2416 23419 526
2410 23419 526
2408 23419 526
2402 23419 526
2402 23609 504
2419 23385 504
2411 23385 504
2410 23385 504
2402 23385 504
2462 23307 526
2416 23307 526
2410 23307 526
2408 23307 526
2402 23307 526
2427 23273 504
2419 23273 504
2416 23273 504
2410 23273 504
2408 23273 504
2402 23273 504
2463 23820 464
2463 23421 464
2463 23418 464
2424 23167 526
2416 23167 526
2406 23167 526
2460 23058 526
2422 23058 526
2414 23058 526
2406 23058 526
2414 23055 526
2406 23055 526
2465 22996 547
2465 22993 547
2401 23289 526
2401 22890 526
2447 22887 526
2401 22887 526
2436 23873 338
2430 23873 338
2430 23851 360
2430 23817 338
2430 23814 338
2463 23734 464
2457 23710 492
2411 23710 492
2457 23677 443
2411 23677 443
2444 23654 492
2438 23654 492
2432 23654 492
2438 23621 443
2432 23621 443
2427 23486 492
2411 23486 492
2411 23453 443
2423 24161 409
2421 24161 409
2415 24161 409
2423 24128 360
2421 24128 360
2415 24128 360
2423 23937 409
2415 23937 409
2423 23904 360
2415 23904 360
2423 24150 338
2415 24150 338
2429 23926 338
2423 23926 338
2421 23926 338
2415 23926 338
2429 23903 387
2421 23903 387
2415 23903 387
2429 23870 338
2423 23870 338
2421 23870 338
2415 23870 338
2463 23679 381
2463 23676 381
2463 23567 381
2463 23564 381
2463 23455 381
2463 23452 381
2463 23343 381
2463 23340 381
2467 23256 513
2464 23256 513
2458 23256 513
2406 23545 492
2434 23433 492
2428 23433 492
2426 23433 492
2420 23433 492
2414 23433 492
2412 23433 492
2406 23433 492
2460 23321 492
2414 23321 492
2406 23321 492
2466 23318 492
2460 23318 492
2414 23318 492
2412 23318 492
2406 23318 492
2410 23786 470
2465 23060 513
2465 22948 513
2421 23013 492
2415 23013 492
2411 23013 492
2405 23013 492
2405 23010 492
2413 22901 492
2405 22901 492
2405 22898 492
2424 23369 443
2416 23369 443
2410 23369 443
2461 23313 443
2455 23313 443
2453 23313 443
2447 23313 443
2441 23313 443
2431 23313 443
2410 23145 443
2440 23036 443
2432 23036 443
2424 23036 443
2418 23036 443
2416 23036 443
2410 23036 443
2424 23033 443
2416 23033 443
2410 23033 443
2462 23712 431
2456 23712 431
2441 23712 431
2435 23712 431
2430 23712 431
2424 23712 431
2418 23712 431
2434 23544 431
2426 23544 431
2418 23544 431
2435 23432 431
2427 23432 431
2424 23432 431
2418 23432 431
2428 23267 431
2420 23267 431
2414 23267 431
2406 23267 431
2431 23304 464
2430 23304 464
2422 23304 464
2414 23304 464
2412 23304 464
2406 23304 464
2422 23264 431
2414 23264 431
2406 23264 431
2402 23480 465
2402 23256 465
2402 23253 465
2458 23601 382
2456 23601 382
2450 23601 382
2445 23601 382
2437 23601 382
2427 23601 382
2438 23545 382
2432 23545 382
2427 23545 382
2444 23377 382
2439 23377 382
2438 23377 382
2432 23377 382
2427 23377 382
2458 23262 382
2452 23262 382
2437 23262 382
2431 23262 382
2425 23262 382
2423 23262 382
2417 23262 382
2434 23259 382
2426 23259 382
2423 23259 382
2417 23259 382
2447 23094 382
2437 23094 382
2431 23094 382
2425 23094 382
2423 23094 382
2417 23094 382
2439 23091 382
2431 23091 382
2425 23091 382
2423 23091 382
2417 23091 382
2439 23015 431
2431 23015 431
2425 23015 431
2417 23015 431
2417 22982 382
2434 22979 382
2426 22979 382
2417 22979 382
2458 22948 465
2450 22948 465
2442 22948 465
2434 22948 465
2415 23212 382
2413 23150 382
2411 23150 382
2405 23150 382
2419 22926 382
2413 22926 382
2411 22926 382
2405 22926 382
2448 22945 465
2440 22945 465
2434 22945 465
2427 22923 382
2419 22923 382
2413 22923 382
2411 22923 382
2405 22923 382
2467 22847 431
2459 22847 431
2421 22847 431
2413 22847 431
2405 22847 431
2419 22814 382
2413 22814 382
2411 22814 382
2405 22814 382
2421 22811 382
2413 22811 382
2405 22811 382
2431 23231 382
2428 23231 382
2423 23231 382
2420 23231 382
2414 23231 382
2412 23231 382
2406 23231 382
2401 23235 465
2401 22836 465
2401 22833 465
2463 23491 299
2463 23267 299
2463 23264 299
2458 24189 299
2450 24189 299
2442 24189 299
2448 24133 299
2442 24133 299
2458 23965 299
2450 23965 299
2448 23965 299
2442 23965 299
2450 23962 299
2442 23962 299
2438 24021 299
2430 24021 299
2436 24018 299
2430 24018 299
2438 23853 299
2430 23853 299
2436 23850 299
2430 23850 299
2438 23797 299
2430 23797 299
2436 23794 299
2430 23794 299
2450 23962 299
2448 23962 299
2442 23962 299
2463 23264 299
2452 23794 299
2444 23794 299
2436 23794 299
2430 23794 299
2411 23399 382
2423 23926 381
2415 23926 381
2459 23511 381
2459 23287 381
2461 23284 381
2459 23284 381
2411 23873 338
2425 23851 360
2419 23851 360
2411 23851 360
2419 23817 338
2411 23817 338
2419 23814 338
2411 23814 338
2426 23795 360
2426 23761 338
2434 23792 360
2428 23792 360
2426 23792 360
2428 23758 338
2426 23758 338
2423 23397 443
2407 23397 443
2403 24440 443
2403 24462 421
2403 24406 421
2403 24216 443
2403 24182 421
2403 24004 421
2403 23780 421
2403 23419 526
2403 23385 504
2436 23147 382
2430 23147 382
2428 23147 382
2422 23147 382
2424 22979 382
2418 22979 382
2416 22979 382
2410 22979 382
2402 22999 526
2414 22977 443
2406 22977 443
2405 22811 382
2402 23253 465
2402 22999 526
2403 23780 421
2403 23385 504
2430 23794 299
2406 23231 382
2410 22979 382
2411 23399 382
2426 23758 338
2411 23814 338
2463 23264 299
2459 23284 381
2407 23397 443
2406 22977 443
2401 22833 465
